# oST version 5.0 parameters


[image]

width
640

height
480

[narrow_stereo]

camera matrix
551.182930 0.000000 327.608106
0.000000 552.492547 261.671759
0.000000 0.000000 1.000000

distortion
0.039254 -0.079478 -0.001209 0.001063 0.000000

rectification
1.000000 0.000000 0.000000
0.000000 1.000000 0.000000
0.000000 0.000000 1.000000

projection
552.635254 0.000000 327.767251 0.000000
0.000000 554.424805 260.726598 0.000000
0.000000 0.000000 1.000000 0.000000

